weights:
[[0.64 0.27 0.04 0.02 0.81 0.91 0.61 0.73 0.54 0.94]
 [0.82 0.   0.86 0.03 0.73 0.18 0.86 0.54 0.3  0.42]
 [0.03 0.12 0.67 0.65 0.62 0.38 1.   0.98 0.69 0.65]
 [0.69 0.39 0.14 0.72 0.53 0.31 0.49 0.89 0.93 0.36]
 [0.57 0.32 0.59 0.34 0.39 0.89 0.23 0.62 0.08 0.83]
 [0.79 0.24 0.88 0.06 0.34 0.15 0.45 0.8  0.23 0.05]
 [0.4  0.2  0.09 0.58 0.3  0.67 0.2  0.94 0.37 0.11]
 [0.63 0.93 0.44 0.95 0.5  0.43 0.62 1.   0.95 0.46]
 [0.76 0.5  0.53 0.79 0.41 0.73 0.71 0.93 0.11 0.73]
 [0.93 0.97 0.01 0.86 0.98 0.96 0.15 0.97 0.89 0.82]]

pairings:
[[0. 0. 0. 0. 0. 0. 0. 0. 0. 1.]
 [1. 0. 0. 0. 0. 0. 0. 0. 0. 0.]
 [0. 0. 0. 0. 0. 0. 1. 0. 0. 0.]
 [0. 0. 0. 0. 0. 0. 0. 0. 1. 0.]
 [0. 0. 0. 0. 0. 1. 0. 0. 0. 0.]
 [0. 0. 1. 0. 0. 0. 0. 0. 0. 0.]
 [0. 0. 0. 0. 0. 0. 0. 1. 0. 0.]
 [0. 1. 0. 0. 0. 0. 0. 0. 0. 0.]
 [0. 0. 0. 1. 0. 0. 0. 0. 0. 0.]
 [0. 0. 0. 0. 1. 0. 0. 0. 0. 0.]]