weights:
[[0.64 0.27 0.04 0.02 0.81]
 [0.91 0.61 0.73 0.54 0.94]
 [0.82 0.   0.86 0.03 0.73]
 [0.18 0.86 0.54 0.3  0.42]
 [0.03 0.12 0.67 0.65 0.62]]

=====Vanilla=====
D:
[[-2.91 -3.49 -3.57 -3.4   4.58]
 [ 4.53 -3.37 -3.1  -3.09 -3.03]
 [-2.99 -4.01  4.65 -3.63 -3.27]
 [-3.75  4.87 -3.45 -3.49 -3.71]
 [-3.75 -3.86 -3.17  4.58 -3.36]]

pairings:
[[0. 0. 0. 0. 1.]
 [1. 0. 0. 0. 0.]
 [0. 0. 1. 0. 0.]
 [0. 1. 0. 0. 0.]
 [0. 0. 0. 1. 0.]]

=====Condensed (no LogSumExp)=====
alpha:
[[-3.71 -3.89 -4.01 -4.02  3.91]
 [ 3.71 -3.92 -3.86 -3.95 -3.75]
 [-3.87 -4.28  3.75 -4.26 -3.91]
 [-4.32  3.95 -4.13 -4.26 -4.19]
 [-4.24 -4.19 -3.92  3.71 -3.94]]
rho:
[[-3.85 -4.24 -4.16 -4.02  3.69]
 [ 3.85 -4.07 -3.82 -3.76 -3.85]
 [-3.76 -4.38  3.92 -4.02 -3.95]
 [-4.08  4.05 -3.91 -3.88 -4.11]
 [-4.15 -4.32 -3.85  4.   -4.01]]
D:
[[-7.56 -8.14 -8.17 -8.04  7.6 ]
 [ 7.56 -7.99 -7.67 -7.71 -7.6 ]
 [-7.63 -8.65  7.67 -8.28 -7.86]
 [-8.4   7.99 -8.05 -8.14 -8.3 ]
 [-8.39 -8.51 -7.76  7.71 -7.95]]

pairings:
[[0. 0. 0. 0. 1.]
 [1. 0. 0. 0. 0.]
 [0. 0. 1. 0. 0.]
 [0. 1. 0. 0. 0.]
 [0. 0. 0. 1. 0.]] (identical)

=====Condensed (LogSumExp)=====
alpha:
[[-1.11 -1.39 -1.59 -1.56 -1.  ]
 [-1.35 -1.57 -1.51 -1.59 -1.38]
 [-1.16 -1.77 -1.12 -1.73 -1.3 ]
 [-1.67 -0.97 -1.41 -1.53 -1.53]
 [-1.7  -1.62 -1.23 -1.09 -1.32]]
rho:
[[ 0.08 -0.09 -0.42 -0.14  0.05]
 [ 0.18  0.08  0.    0.17  0.01]
 [ 0.18 -0.31  0.2  -0.16 -0.1 ]
 [-0.33  0.48 -0.09  0.03 -0.33]
 [-0.42 -0.22  0.04  0.41 -0.17]]
D:
[[-1.03 -1.48 -2.   -1.7  -0.95]
 [-1.17 -1.49 -1.51 -1.42 -1.37]
 [-0.98 -2.07 -0.92 -1.89 -1.4 ]
 [-2.   -0.49 -1.5  -1.5  -1.85]
 [-2.12 -1.83 -1.19 -0.68 -1.49]]

pairings:
[[0. 0. 0. 0. 1.]
 [1. 0. 0. 0. 0.]
 [0. 0. 1. 0. 0.]
 [0. 1. 0. 0. 0.]
 [0. 0. 0. 1. 0.]] (identical)