weights:
[[0.64 0.27 0.04 0.02 0.81 0.91]
 [0.61 0.73 0.54 0.94 0.82 0.  ]
 [0.86 0.03 0.73 0.18 0.86 0.54]
 [0.3  0.42 0.03 0.12 0.67 0.65]
 [0.62 0.38 1.   0.98 0.69 0.65]
 [0.69 0.39 0.14 0.72 0.53 0.31]]

eta: 
[[-0.85 -0.66 -0.88 -0.86 -0.88  0.82]
 [-0.85  1.04 -0.88 -0.86 -0.88 -0.96]
 [ 0.75 -0.66 -0.88 -0.86 -0.88 -0.96]
 [-0.85 -0.66 -0.88 -0.86  0.85 -0.96]
 [-0.85 -0.66  0.98 -0.86 -0.88 -0.96]
 [-0.85 -0.66 -0.88  0.88 -0.88 -0.96]]

alpha: 
[[-0.87 -0.87 -0.87 -0.87 -0.87  0.96]
 [-0.91  0.79 -0.91 -0.91 -0.91 -0.91]
 [ 0.91 -0.75 -0.75 -0.75 -0.75 -0.75]
 [-0.66 -0.66 -0.66 -0.66  1.1  -0.66]
 [-1.12 -1.12  0.75 -1.12 -1.12 -1.12]
 [-0.81 -0.81 -0.81  0.96 -0.81 -0.81]]

D:
[[-1.09 -1.26 -1.72 -1.72 -0.94  2.69]
 [-1.16  2.57 -1.25 -0.84 -0.97 -1.87]
 [ 2.52 -1.37 -0.9  -1.43 -0.76 -1.16]
 [-1.21 -0.9  -1.52 -1.4   2.63 -0.97]
 [-1.36 -1.4   2.73 -1.   -1.31 -1.43]
 [-0.97 -1.08 -1.56  2.56 -1.16 -1.45]]

pairings:
[[0. 0. 0. 0. 0. 1.]
 [0. 1. 0. 0. 0. 0.]
 [1. 0. 0. 0. 0. 0.]
 [0. 0. 0. 0. 1. 0.]
 [0. 0. 1. 0. 0. 0.]
 [0. 0. 0. 1. 0. 0.]]